4294967279,283
4294967278,273
4294967279,420
4294967278,350
4294967278,348
4294967278,283
4294967278,347
4294967278,266
4294967279,288
4294967278,281
4294967279,287
4294967278,280
4294967293,131
4294967293,130
4294967293,129
4294967293,128
4294967293,127
4294967293,126
4294967293,125
4294967293,124
4294967293,123
4294967293,122
4294967293,121
4294967293,120
4294967293,119
4294967293,118
4294967293,117
4294967293,116
4294967293,115
4294967293,114
4294967293,113
4294967293,112
4294967293,111
4294967293,110
4294967293,109
4294967293,108
4294967293,107
4294967293,106
4294967293,105
4294967293,104
4294967293,103
4294967293,102
4294967293,101
4294967293,100
4294967293,99
4294967293,98
4294967293,97
4294967293,96
4294967293,95
4294967293,94
4294967293,93
4294967293,92
4294967293,91
4294967293,90
4294967293,89
4294967293,87
4294967293,86
4294967293,85
4294967293,84
4294967293,83
4294967293,82
4294967293,81
4294967293,80
4294967293,79
4294967293,78
4294967293,77
4294967293,76
4294967293,75
4294967293,74
4294967293,73
4294967293,72
4294967293,71
4294967293,70
4294967293,69
4294967293,68
4294967293,67
4294967293,66
4294967293,65
4294967293,64
4294967293,63
4294967293,62
4294967293,61
4294967293,60
4294967293,59
4294967293,58
4294967293,57
4294967293,56
4294967293,55
4294967293,54
4294967293,53
4294967293,52
4294967293,51
4294967293,50
4294967293,49
4294967293,48
4294967293,47
4294967293,46
4294967293,45
4294967293,44
4294967293,43
4294967293,42
4294967293,41
4294967293,40
4294967293,39
4294967293,38
4294967293,37
4294967293,36
4294967293,35
4294967293,34
4294967293,33
4294967293,32
4294967293,31
4294967293,30
4294967293,29
4294967293,28
4294967293,27
4294967293,26
4294967293,25
4294967293,24
4294967293,23
4294967293,22
4294967293,21
4294967293,20
4294967293,19
4294967293,18
4294967293,17
4294967293,16
4294967293,15
4294967293,14
4294967293,13
4294967293,12
4294967293,11
4294967293,10
4294967293,9
4294967293,8
4294967293,7
4294967293,6
4294967293,5
4294967293,4
4294967293,3
4294967279,90
4294967279,89
4294967279,87
4294967279,86
4294967279,85
4294967279,84
4294967279,83
4294967279,82
4294967279,81
4294967279,80
4294967279,79
4294967279,78
4294967279,77
4294967279,76
4294967279,75
4294967279,74
4294967279,73
4294967279,72
4294967279,71
4294967279,70
4294967279,69
4294967279,68
4294967279,418
4294967278,333
4294967278,263
4294967278,262
4294967278,261
4294967278,21
4294967278,20
4294967278,19
4294967278,18
4294967278,17
4294967278,16
4294967278,15
4294967278,14
4294967278,13
4294967278,12
4294967278,11
4294967278,10
4294967278,9
4294967278,8
4294967278,7
4294967278,6
4294967278,5
4294967278,4
4294967279,129
4294967279,128
4294967279,127
4294967279,124
4294967279,123
4294967279,122
4294967279,121
4294967279,120
4294967279,117
4294967279,115
4294967279,113
4294967279,112
4294967279,111
4294967279,110
4294967279,108
4294967279,225
4294967279,223
4294967279,105
4294967279,219
4294967279,104
4294967279,103
4294967279,215
4294967279,102
4294967279,101
4294967279,100
4294967279,99
4294967279,98
4294967279,97
4294967279,96
4294967279,95
4294967279,94
4294967279,93
4294967279,92
4294967279,91
4294967279,396
4294967279,132
4294967279,401
4294967278,330
4294967279,131
4294967279,257
4294967279,261
4294967279,130
61,4
4294967279,397
61,3
61,2
61,1
4294967279,447
4294967279,126
4294967279,255
4294967278,325
4294967279,125
4294967278,254
4294967279,254
4294967279,253
4294967279,250
60,4
60,3
60,2
60,1
4294967278,249
4294967294,988
4294967279,249
4294967279,109
4294967279,119
4294967279,247
4294967278,245
4294967279,118
4294967279,245
4294967278,243
4294967279,242
4294967279,116
4294967279,240
4294967279,241
4294967278,239
4294967279,238
4294967279,114
4294967279,239
4294967278,381
4294967279,234
4294967279,228
59,6
4294967279,232
59,5
59,4
4294967279,230
59,3
59,2
59,1
4294967279,229
4294967278,225
4294967279,107
4294967279,106
4294967278,221
4294967278,217
4294967278,324
4294967278,209
58,5
58,4
4294967278,210
58,3
58,2
58,1
4294967278,205
4294967278,204
4294967279,446
4294967278,203
57,6
57,5
57,4
4294967278,198
57,3
57,2
57,1
4294967278,380
4294967278,379
4294967294,974
4294967294,985
4294967294,163
4294967294,982
4294967294,161
4294967278,344
4294967278,317
4294967278,189
4294967278,188
4294967278,187
4294967278,183
4294967278,182
4294967278,181
4294967279,181
4294967279,180
4294967279,314
4294967279,179
4294967278,177
4294967279,178
4294967278,176
4294967279,177
4294967278,175
4294967279,176
4294967279,303
4294967278,172
4294967279,173
4294967278,171
52,4
4294967279,172
52,3
52,2
52,1
4294967278,170
4294967279,171
4294967278,169
4294967278,309
4294967279,312
4294967294,399
4294967294,178
